23 37
0  1 9920000 1
0  8 9920000 1
0 11 9920000 1
0 16 9920000 1
0 19 9920000 1
1  5 9920000 1
1  8 9920000 1
1 15 9920000 1
1 18 9920000 1
2  3 9920000 1
2 19 9920000 1
3  4 9920000 1
3 11 9920000 1
4 14 9920000 1
5 12 9920000 1
6  7 9920000 1
6 11 9920000 1
6 13 9920000 1
6 15 9920000 1
6 17 9920000 1
6 18 9920000 1
7 12 9920000 1
7 13 9920000 1
9 10 9920000 1
9 16 9920000 1
10 14 9920000 1
11 12 9920000 1
11 21 9920000 1
12 17 9920000 1
14 16 9920000 1
15 22 9920000 1
16 18 9920000 1
16 20 9920000 1
17 19 9920000 1
17 20 9920000 1
17 21 9920000 1
17 22 9920000 1